0.055  0.9888333
0.060005  1
0.065002  0.996045
0.07  0.9988528
0.075005  0.9959626
0.080002  0.9945415
0.085007  0.9863957
0.090004  0.9856237
0.095001  0.9658971
0.095001  0.9658971
0.100006  0.9407719
0.105003  0.9366215
0.110001  0.9372344
0.115005  0.921957
0.120003  0.9091966
0.125  0.9043758
0.130005  0.8934037
0.135002  0.8849126
0.139999  0.8805517
0.145004  0.8746639
0.150002  0.8730795
0.155006  0.8648962
0.160004  0.852436
0.165001  0.8453297
0.165001  0.8453297
0.170006  0.8230218
0.175003  0.8243769
0.18  0.8056356
0.185005  0.8001605
0.190002  0.7860562
0.195  0.769033
0.200005  0.7530033
0.205002  0.7335016
0.210007  0.7193872
0.215004  0.696463
0.220001  0.6601751
0.225006  0.6342617
0.230003  0.6001742
0.235001  0.5617902
0.240006  0.5104872
0.245003  0.4496301
0.25  0.3864024
0.255005  0.3131862
0.260002  0.2585563
0.264999  0.2184261
0.270004  0.1811247
0.275002  0.1500676
0.275002  0.1500676
0.280006  0.119422
0.285004  0.0985822
0.290001  0.09433046
0.295006  0.09542533
0.300003  0.09034048
0.305  0.07610846
0.310005  0.05756383
0.315002  0.0413682
0.32  0.03075026
0.32  0.03075026
0.325005  0.02786787
0.330002  0.03118501
0.335007  0.0348114
0.340004  0.03585003
0.345001  0.03291585
0.350006  0.02698933
0.355003  0.02023312
0.360001  0.01441481
0.365006  0.01088657
0.370003  0.009863349
0.375  0.01086168
0.380005  0.0127467
0.385002  0.01423238
0.389999  0.01486189
0.395004  0.01396792
0.400002  0.01215195
0.405006  0.009472822
0.410004  0.007414916
0.410004  0.007414916
0.415001  0.005607494
0.420006  0.004098629
0.425003  0.003979382
0.43  0.004934414
0.435005  0.006473625
0.440002  0.007971237
0.445  0.008869695
0.450005  0.008585999
0.455002  0.007476035
0.460007  0.005642283
0.465004  0.003641716
0.470001  0.002066734
0.475006  0.001285771
0.475006  0.001285771
0.480003  0.001315615
0.485001  0.001934991
0.485001  0.001934991
0.490006  0.002896448
0.495003  0.003870415
0.495003  0.003870415
0.5  0.004436935
0.505005  0.004519848
0.510002  0.003955963
0.514999  0.003043992
0.520004  0.001987444
0.525002  0.001113368
0.530006  0.0005946941
0.530006  0.0005946941
0.535004  0.0004735681
0.540001  0.0007211811
0.545006  0.00123333
0.545006  0.00123333
0.550003  0.001660421
0.550003  0.001660421
0.555  0.00195626
0.560005  0.002118252
0.565002  0.002045194
0.57  0.001718685
0.575005  0.001315144
0.580002  0.00088972
0.585007  0.0005294134
0.590004  0.0003160203
0.590004  0.0003160203
0.595001  0.0002562335
0.600006  0.0003312183
0.605003  0.0005150024
0.605003  0.0005150024
0.610001  0.000754328
0.615006  0.0009509956
0.615006  0.0009509956
0.620003  0.001073601
0.625  0.001113985
0.630005  0.001046277
0.635002  0.0008917698
0.639999  0.0006760398
0.645004  0.0004463065
0.650002  0.0002494664
0.650002  0.0002494664
0.655006  0.0001248962
0.660004  9.678322e-05
0.665001  0.0001509836
0.670006  0.000272922
0.675003  0.0004477152
0.675003  0.0004477152
0.68  0.0006142548
0.685005  0.000729412
0.685005  0.000729412
0.690002  0.0007452956
0.695  0.0006805172
0.700005  0.0005471466
0.705002  0.0003712009
0.710007  0.0001939943
0.710007  0.0001939943
0.715004  7.751534e-05
0.720001  3.369796e-05
0.720001  3.369796e-05
0.725006  6.585333e-05
0.725006  6.585333e-05
0.730003  0.0001529194
0.730003  0.0001529194
0.735001  0.0002279982
0.740006  0.0003367069
0.740006  0.0003367069
0.745003  0.0004223956
0.75  0.0004492182
0.755005  0.0004209281
0.760002  0.0003469548
0.764999  0.0002432414
0.770004  0.0001404385
0.775002  8.020798e-05
0.775002  8.020798e-05
0.780006  3.216336e-05
0.785004  2.391469e-05
0.790001  6.399741e-05
0.795006  0.000136059
0.795006  0.000136059
0.800003  0.0001821463
0.800003  0.0001821463
0.805  0.000193089
0.810005  0.0002215836
0.815002  0.0002224106
0.82  0.000200416
0.825005  0.0001636319
0.830002  0.0001166791
0.835007  7.234842e-05
0.840004  4.594451e-05
0.840004  4.594451e-05
0.845001  2.197533e-05
0.850006  1.422634e-05
0.850006  1.422634e-05
0.855003  2.91188e-05
0.855003  2.91188e-05
0.860001  5.914043e-05
0.860001  5.914043e-05
0.865006  0.0001034515
0.865006  0.0001034515
0.870003  0.0001478223
0.875  0.0001528351
0.875  0.0001528351
0.880005  0.000135163
0.885002  0.0001292259
0.889999  0.0001129255
0.895004  8.635365e-05
0.900002  6.754565e-05
0.900002  6.754565e-05
0.905006  3.854121e-05
0.910004  1.225673e-05
0.910004  1.225673e-05
0.915001  4.103275e-06
0.915001  4.103275e-06
0.920006  1.370634e-05
0.920006  1.370634e-05
0.925003  4.464903e-05
0.925003  4.464903e-05
0.93  8.200389e-05
0.93  8.200389e-05
0.935005  0.0001180846
0.935005  0.0001180846
0.940002  0.0001395657
0.945  0.0001467717
0.950005  0.0001357475
0.955002  0.0001100624
0.960007  7.593349e-05
0.965004  4.197441e-05
0.970001  1.732204e-05
0.970001  1.732204e-05
0.975006  4.299404e-06
0.975006  4.299404e-06
0.980003  5.355288e-06
0.980003  5.355288e-06
0.985001  1.776986e-05
0.985001  1.776986e-05
0.990006  3.873005e-05
0.990006  3.873005e-05
0.995003  6.117208e-05
0.995003  6.117208e-05
1  7.842064e-05
1.005005  8.601835e-05
1.010002  8.332538e-05
1.014999  7.098861e-05
1.020004  5.291886e-05
1.025002  3.350504e-05
1.030006  1.675483e-05
1.030006  1.675483e-05
1.035004  6.109697e-06
1.035004  6.109697e-06
1.040001  1.829763e-06
1.040001  1.829763e-06
1.045006  3.69145e-06
1.050003  9.867955e-06
1.050003  9.867955e-06
1.055  1.958304e-05
1.055  1.958304e-05
1.060005  2.753959e-05
1.065003  3.49748e-05
1.065003  3.49748e-05
1.07  3.886488e-05
1.075005  3.905401e-05
1.080002  3.577595e-05
1.085007  2.95054e-05
1.090004  2.143657e-05
1.095001  1.349865e-05
1.100006  7.09541e-06
1.100006  7.09541e-06
1.105003  2.582904e-06
1.105003  2.582904e-06
1.110001  1.300792e-06
1.115006  3.4564e-06
1.120003  8.597368e-06
1.120003  8.597368e-06
1.125  1.598633e-05
1.125  1.598633e-05
1.130005  2.25448e-05
1.130005  2.25448e-05
1.135002  2.689924e-05
1.139999  2.998548e-05
1.145004  2.973887e-05
1.150002  2.629975e-05
1.155006  2.044212e-05
1.160004  1.36067e-05
1.165001  7.70119e-06
1.170006  3.99472e-06
1.170006  3.99472e-06
1.175003  2.94544e-06
1.18  4.829938e-06
1.185005  9.743451e-06
1.185005  9.743451e-06
1.190003  1.57442e-05
1.190003  1.57442e-05
1.195  2.108709e-05
1.200005  2.350991e-05
1.200005  2.350991e-05
1.205002  2.313228e-05
1.210007  2.142488e-05
1.215004  1.762809e-05
1.220001  1.301392e-05
1.225006  8.295586e-06
1.230003  4.737248e-06
1.230003  4.737248e-06
1.235001  2.753216e-06
1.240006  2.594331e-06
1.245003  4.017957e-06
1.25  6.460527e-06
1.255005  9.523363e-06
1.255005  9.523363e-06
1.260002  1.192369e-05
1.264999  1.316717e-05
1.270004  1.292606e-05
1.275002  1.142538e-05
1.280006  9.272831e-06
1.285004  6.629329e-06
1.290001  4.200564e-06
1.295006  2.241044e-06
1.295006  2.241044e-06
1.300003  1.146465e-06
1.305  8.597919e-07
1.305  8.597919e-07
1.310005  1.220987e-06
1.315003  2.075689e-06
1.32  3.108403e-06
1.32  3.108403e-06
1.325005  4.146245e-06
1.330002  5.024492e-06
1.330002  5.024492e-06
1.335007  5.537394e-06
1.340004  5.60899e-06
1.345001  5.247369e-06
1.350006  4.535232e-06
1.355003  3.588204e-06
1.360001  2.629137e-06
1.365006  1.80129e-06
1.370003  1.318011e-06
1.370003  1.318011e-06
1.375  1.252662e-06
1.380005  1.582095e-06
1.385002  2.291689e-06
1.389999  3.191903e-06
1.389999  3.191903e-06
1.395004  4.055058e-06
1.400002  4.679652e-06
1.400002  4.679652e-06
1.405006  4.967857e-06
1.410004  4.980491e-06
1.415001  4.626067e-06
1.420006  4.022244e-06
1.425003  3.261674e-06
1.43  2.62252e-06
1.435005  2.157757e-06
1.440003  1.987938e-06
1.445  2.085054e-06
1.450005  2.407015e-06
1.455002  2.840081e-06
1.460007  3.241605e-06
1.465004  3.538475e-06
1.470001  3.602221e-06
1.475006  3.451022e-06
1.480003  3.11651e-06
1.485001  2.627985e-06
1.490006  2.127307e-06
1.495003  1.674742e-06
1.5  1.370546e-06
1.5  1.370546e-06
1.505005  1.195069e-06
1.510002  1.149438e-06
1.514999  1.213181e-06
1.520004  1.32025e-06
1.525002  1.450071e-06
1.530006  1.524072e-06
1.535004  1.533663e-06
1.540001  1.479678e-06
1.545006  1.353168e-06
1.550003  1.174847e-06
1.555  9.843357e-07
1.560005  7.976414e-07
1.565003  6.470712e-07
1.57  5.479469e-07
1.575005  4.983113e-07
1.580002  5.025113e-07
1.585007  5.473037e-07
1.590004  6.250403e-07
1.595001  7.179518e-07
1.600006  8.096132e-07
1.605003  8.768816e-07
1.610001  9.104988e-07
1.615006  9.047802e-07
1.620003  8.59498e-07
1.625  7.96355e-07
1.630005  7.191765e-07
1.635002  6.531071e-07
1.639999  6.020041e-07
1.645004  5.818112e-07
1.650002  5.973589e-07
1.655006  6.434803e-07
1.660004  7.117178e-07
1.665001  7.790906e-07
1.670006  8.415478e-07
1.675003  8.677915e-07
1.68  8.657938e-07
1.685005  8.279233e-07
1.690003  7.765285e-07
1.695  7.017396e-07
1.700005  6.263288e-07
1.705002  5.567814e-07
1.710007  5.131775e-07
1.715004  4.896174e-07
1.720001  4.866931e-07
1.725006  5.023772e-07
1.730003  5.200739e-07
1.735001  5.350146e-07
1.740006  5.409526e-07
1.745003  5.275283e-07
1.75  4.955404e-07
1.755005  4.476001e-07
1.760002  3.974853e-07
1.764999  3.440373e-07
1.770004  2.919268e-07
1.775002  2.54674e-07
1.780006  2.298509e-07
1.785004  2.156556e-07
1.790001  2.14727e-07
1.795006  2.240109e-07
1.800003  2.331266e-07
1.805  2.415926e-07
1.810005  2.428833e-07
1.815003  2.368729e-07
1.82  2.22782e-07
1.825005  2.028639e-07
1.830002  1.7921e-07
1.835007  1.522933e-07
1.840004  1.350459e-07
1.845001  1.191638e-07
1.850006  1.108404e-07
1.855003  1.083826e-07
1.860001  1.144186e-07
1.865006  1.254596e-07
1.870003  1.37836e-07
1.875  1.472264e-07
1.880005  1.506064e-07
1.885002  1.480187e-07
1.889999  1.377338e-07
1.895004  1.234959e-07
1.900002  1.066937e-07
1.905006  9.124604e-08
1.910004  7.699324e-08
1.915001  6.851227e-08
1.920006  6.037846e-08
1.925003  5.935827e-08
1.93  6.234216e-08
1.935005  6.779026e-08
1.940003  7.070173e-08
1.945  7.370266e-08
1.950005  7.096157e-08
1.955002  6.524511e-08
1.960007  5.300926e-08
1.965004  4.262635e-08
1.970001  3.085054e-08
1.975006  1.803111e-08
1.980003  8.685434e-09
1.985001  2.136216e-09
1.990006  0
1.995003  2.200111e-09
2  3.135105e-09
