1.753320926012501280e-02 9.888333000000000261e-01
1.912873074379809954e-02 1.000000000000000000e+00
2.072170179777254109e-02 9.960449999999999582e-01
2.231499147956547344e-02 9.988527999999999851e-01
2.391051248934715490e-02 9.959626000000000312e-01
2.550348303378687648e-02 9.945414999999999672e-01
2.709900366680781034e-02 9.863956999999999864e-01
2.869197381081697515e-02 9.856236999999999915e-01
3.028494373658639077e-02 9.658970999999999529e-01
3.028494373658639077e-02 9.658970999999999529e-01
3.188046371348993852e-02 9.407718999999999943e-01
3.347343316603212243e-02 9.366214999999999957e-01
3.506672114904971216e-02 9.372344000000000230e-01
3.666192157541087182e-02 9.219570000000000265e-01
3.825520901229290116e-02 9.091966000000000214e-01
3.984817737316465741e-02 9.043757999999999520e-01
4.144369570974961586e-02 8.934037000000000228e-01
4.303666345179606167e-02 8.849126000000000491e-01
4.462963086649274908e-02 8.805517000000000483e-01
4.622514821893127651e-02 8.746639000000000497e-01
4.781843372658548669e-02 8.730795000000000083e-01
4.941363157740468609e-02 8.648962000000000039e-01
5.100691634474251862e-02 8.524359999999999715e-01
5.259988193960118963e-02 8.453296999999999617e-01
5.259988193960118963e-02 8.453296999999999617e-01
5.419539740851846144e-02 8.230218000000000256e-01
5.578836219040998745e-02 8.243768999999999680e-01
5.738132654795851523e-02 8.056356000000000073e-01
5.897684074112826552e-02 8.001605000000000523e-01
6.056980421291323358e-02 7.860561999999999827e-01
6.216308600781172977e-02 7.690329999999999666e-01
6.375859881579772070e-02 7.530033000000000420e-01
6.535156086821242161e-02 7.335015999999999758e-01
6.694707269178824804e-02 7.193872000000000044e-01
6.854003373709437186e-02 6.964630000000000543e-01
7.013299426106445189e-02 6.601751000000000147e-01
7.172850451729227694e-02 6.342617000000000393e-01
7.332146396135752475e-02 6.001741999999999910e-01
7.491474163070820091e-02 5.617902000000000173e-01
7.651025021013263538e-02 5.104872000000000298e-01
7.810320794367417441e-02 4.496300999999999770e-01
7.969616508313931424e-02 3.864023999999999792e-01
8.129167187652862336e-02 3.131862000000000257e-01
8.288462779049184104e-02 2.585563000000000167e-01
8.447758307400969613e-02 2.184261000000000119e-01
8.607308797202417594e-02 1.811246999999999996e-01
8.766636073924406747e-02 1.500675999999999954e-01
8.766636073924406747e-02 1.500675999999999954e-01
8.926154553057144558e-02 1.194220000000000004e-01
9.085481695067783303e-02 9.858219999999999483e-02
9.244776889785021046e-02 9.433046000000000486e-02
9.404327039340852623e-02 9.542533000000000265e-02
9.563622092093865268e-02 9.034048000000000078e-02
9.722917072103101632e-02 7.610846000000000278e-02
9.882467002961579927e-02 5.756383000000000333e-02
1.004176183372701703e-01 4.136820000000000080e-02
1.020108846618180687e-01 3.075026000000000148e-02
1.020108846618180687e-01 3.075026000000000148e-02
1.036063816739333371e-01 2.786786999999999945e-02
1.051993276523886522e-01 3.118500999999999912e-02
1.067948230724490438e-01 3.481139999999999929e-02
1.083877674371225563e-01 3.585002999999999801e-02
1.099807109773662250e-01 3.291585000000000344e-02
1.115762039188554489e-01 2.698932999999999888e-02
1.131691457725218369e-01 2.023312000000000027e-02
1.147624055447690888e-01 1.441481000000000012e-02
1.163578958981721923e-01 1.088656999999999993e-02
1.179508351314891429e-01 9.863349000000000422e-03
1.195437734676367270e-01 1.086168000000000029e-02
1.211392611237839673e-01 1.274669999999999970e-02
1.227321976277588045e-01 1.423237999999999934e-02
1.243251331981957281e-01 1.486189000000000086e-02
1.259206180477487613e-01 1.396791999999999999e-02
1.275138704911210619e-01 1.215194999999999990e-02
1.291090346304428760e-01 9.472822000000000534e-03
1.307022851199110269e-01 7.414915999999999695e-03
1.307022851199110269e-01 7.414915999999999695e-03
1.322952158375108322e-01 5.607494000000000194e-03
1.338906957656889885e-01 4.098629000000000334e-03
1.354836244569782300e-01 3.979382000000000058e-03
1.370765521177384205e-01 4.934413999999999814e-03
1.386720289477274548e-01 6.473625000000000212e-03
1.402649545093823669e-01 7.971237000000000808e-03
1.418581977801970373e-01 8.869695000000000357e-03
1.434536714024417792e-01 8.585999000000000408e-03
1.450465937250798865e-01 7.476034999999999799e-03
1.466420651476325332e-01 5.642282999999999674e-03
1.482349852498233422e-01 3.641716000000000137e-03
1.498279042244943238e-01 2.066734000000000192e-03
1.514233722572644603e-01 1.285771000000000006e-03
1.514233722572644603e-01 1.285771000000000006e-03
1.530162889386938174e-01 1.315615000000000014e-03
1.546095232304862122e-01 1.934991000000000055e-03
1.546095232304862122e-01 1.934991000000000055e-03
1.562049877638998219e-01 2.896447999999999818e-03
1.577979009151665168e-01 3.870414999999999880e-03
1.577979009151665168e-01 3.870414999999999880e-03
1.593908128661749857e-01 4.436935000000000358e-03
1.609862737911249286e-01 4.519847999999999921e-03
1.625791833032986244e-01 3.955962999999999841e-03
1.641720915788462964e-01 3.043992000000000139e-03
1.657675487859959496e-01 1.987444000000000103e-03
1.673607733222041705e-01 1.113367999999999997e-03
1.689559092171049048e-01 5.946941000000000293e-04
1.689559092171049048e-01 5.946941000000000293e-04
1.705491311926276288e-01 4.735680999999999832e-04
1.721420330988696346e-01 7.211811000000000263e-04
1.737374838657491372e-01 1.233329999999999930e-03
1.737374838657491372e-01 1.233329999999999930e-03
1.753303831390219947e-01 1.660421000000000032e-03
1.753303831390219947e-01 1.660421000000000032e-03
1.769232810786793564e-01 1.956260000000000030e-03
1.785187278361687890e-01 2.118252000000000156e-03
1.801116230700635645e-01 2.045194000000000178e-03
1.817048357038721917e-01 1.718684999999999961e-03
1.833002783423578752e-01 1.315144000000000079e-03
1.848931694274335569e-01 8.897199999999999857e-04
1.864886092586004185e-01 5.294133999999999819e-04
1.880814975165737701e-01 3.160203000000000209e-04
1.880814975165737701e-01 3.160203000000000209e-04
1.896743843439428479e-01 2.562334999999999786e-04
1.912698198741319966e-01 3.312182999999999794e-04
1.928627038016058337e-01 5.150024000000000008e-04
1.928627038016058337e-01 5.150024000000000008e-04
1.944559050297133274e-01 7.543279999999999647e-04
1.960513361492922102e-01 9.509956000000000399e-04
1.960513361492922102e-01 9.509956000000000399e-04
1.976442156368069247e-01 1.073600999999999982e-03
1.992370936209805765e-01 1.113985000000000062e-03
2.008325202209050309e-01 1.046276999999999971e-03
2.024253951595933188e-01 8.917697999999999944e-04
2.040182685585734679e-01 6.760397999999999711e-04
2.056136905295092299e-01 4.463065000000000001e-04
2.072068795753697623e-01 2.494663999999999736e-04
2.072068795753697623e-01 2.494663999999999736e-04
2.088019796335683353e-01 1.248962000000000054e-04
2.103951655119741526e-01 9.678321999999999999e-05
2.119880310252103273e-01 1.509836000000000023e-04
2.135834450370114601e-01 2.729219999999999867e-04
2.151763073106322810e-01 4.477152000000000193e-04
2.151763073106322810e-01 4.477152000000000193e-04
2.167691679475576561e-01 6.142548000000000062e-04
2.183645770387869223e-01 7.294120000000000291e-04
2.183645770387869223e-01 7.294120000000000291e-04
2.199574343633052265e-01 7.452955999999999730e-04
2.215506087769808230e-01 6.805172000000000174e-04
2.231460128379663121e-01 5.471465999999999700e-04
2.247388651038830232e-01 3.712009000000000055e-04
2.263342657499364530e-01 1.939943000000000071e-04
2.263342657499364530e-01 1.939943000000000071e-04
2.279271145821092359e-01 7.751534000000000245e-05
2.295199616806000986e-01 3.369795999999999881e-05
2.295199616806000986e-01 3.369795999999999881e-05
2.311153571145010688e-01 6.585333000000000397e-05
2.311153571145010688e-01 6.585333000000000397e-05
2.327082007064569247e-01 1.529194000000000050e-04
2.327082007064569247e-01 1.529194000000000050e-04
2.343013612878067364e-01 2.279981999999999951e-04
2.358967513998646293e-01 3.367069000000000203e-04
2.358967513998646293e-01 3.367069000000000203e-04
2.374895896420861074e-01 4.223955999999999848e-04
2.390824260778906529e-01 4.492181999999999946e-04
2.406778107591249216e-01 4.209281000000000264e-04
2.422706435428081395e-01 3.469548000000000141e-04
2.438634744837082924e-01 2.432413999999999985e-04
2.454588536247875874e-01 1.404385000000000073e-04
2.470519995972856042e-01 8.020798000000000044e-05
2.470519995972856042e-01 8.020798000000000044e-05
2.486470562266716033e-01 3.216336000000000168e-05
2.502401984249608136e-01 2.391468999999999922e-05
2.518330199637162647e-01 6.399741000000000565e-05
2.534283896268341718e-01 1.360590000000000063e-04
2.534283896268341718e-01 1.360590000000000063e-04
2.550212073193436346e-01 1.821462999999999945e-04
2.550212073193436346e-01 1.821462999999999945e-04
2.566140230720853066e-01 1.930889999999999939e-04
2.582093869034730593e-01 2.215836000000000108e-04
2.598021987371790242e-01 2.224105999999999945e-04
2.613953273477764294e-01 2.004160000000000002e-04
2.629906852377043580e-01 1.636319000000000011e-04
2.645834911030502390e-01 1.166791000000000057e-04
2.661788449704490800e-01 7.234841999999999467e-05
2.677716467954258661e-01 4.594451000000000101e-05
2.677716467954258661e-01 4.594451000000000101e-05
2.693644465836512736e-01 2.197533000000000158e-05
2.709597943277476384e-01 1.422634000000000074e-05
2.709597943277476384e-01 1.422634000000000074e-05
2.725525900028150650e-01 2.911879999999999978e-05
2.725525900028150650e-01 2.911879999999999978e-05
2.741457023545279537e-01 5.914043000000000257e-05
2.741457023545279537e-01 5.914043000000000257e-05
2.757410438655738538e-01 1.034515000000000038e-04
2.757410438655738538e-01 1.034515000000000038e-04
2.773338332811570162e-01 1.478223000000000026e-04
2.789266205872559801e-01 1.528350999999999896e-04
2.789266205872559801e-01 1.528350999999999896e-04
2.805219557563349286e-01 1.351629999999999932e-04
2.821147388036939763e-01 1.292258999999999921e-04
2.837075197052038034e-01 1.129255000000000016e-04
2.853028484229878092e-01 8.635364999999999610e-05
2.868959437393136525e-01 6.754564999999999593e-05
2.868959437393136525e-01 6.754564999999999593e-05
2.884909493479831943e-01 3.854120999999999686e-05
2.900840402833639864e-01 1.225672999999999945e-05
2.900840402833639864e-01 1.225672999999999945e-05
2.916768102663732654e-01 4.103275000000000113e-06
2.916768102663732654e-01 4.103275000000000113e-06
2.932721279874142550e-01 1.370634000000000064e-05
2.932721279874142550e-01 1.370634000000000064e-05
2.948648935175650632e-01 4.464903000000000101e-05
2.948648935175650632e-01 4.464903000000000101e-05
2.964576568048851168e-01 8.200389000000000202e-05
2.964576568048851168e-01 8.200389000000000202e-05
2.980529677830653368e-01 1.180846000000000044e-04
2.980529677830653368e-01 1.180846000000000044e-04
2.996457265447395879e-01 1.395656999999999909e-04
3.012388017695317721e-01 1.467716999999999893e-04
3.028341058950644871e-01 1.357475000000000077e-04
3.044268577786485852e-01 1.100624000000000052e-04
3.060221572740742801e-01 7.593348999999999997e-05
3.076149045106833513e-01 4.197441000000000323e-05
3.092076494074814108e-01 1.732204000000000060e-05
3.092076494074814108e-01 1.732204000000000060e-05
3.108029418684837286e-01 4.299403999999999977e-06
3.108029418684837286e-01 4.299403999999999977e-06
3.123956820455202621e-01 5.355287999999999878e-06
3.123956820455202621e-01 5.355287999999999878e-06
3.139887385849464696e-01 1.776986000000000133e-05
3.139887385849464696e-01 1.776986000000000133e-05
3.155840239017206894e-01 3.873005000000000029e-05
3.155840239017206894e-01 3.873005000000000029e-05
3.171767569095528816e-01 6.117207999999999522e-05
3.171767569095528816e-01 6.117207999999999522e-05
3.187694875048436294e-01 7.842064000000000207e-05
3.203647655685376572e-01 8.601834999999999950e-05
3.219574912984902726e-01 8.332538000000000553e-05
3.235502145795376983e-01 7.098860999999999388e-05
3.251454852808274842e-01 5.291886000000000311e-05
3.267385223584124976e-01 3.350504000000000134e-05
3.283334693547047545e-01 1.675482999999999964e-05
3.283334693547047545e-01 1.675482999999999964e-05
3.299265014446293720e-01 6.109697000000000264e-06
3.299265014446293720e-01 6.109697000000000264e-06
3.315192122908722783e-01 1.829763000000000077e-06
3.315192122908722783e-01 1.829763000000000077e-06
3.331144704766899056e-01 3.691450000000000037e-06
3.347071762634830638e-01 9.867954999999999611e-06
3.347071762634830638e-01 9.867954999999999611e-06
3.362998795043931621e-01 1.958304000000000148e-05
3.362998795043931621e-01 1.958304000000000148e-05
3.378951300362515453e-01 2.753958999999999902e-05
3.394881468755294729e-01 3.497480000000000266e-05
3.394881468755294729e-01 3.497480000000000266e-05
3.410808424014412088e-01 3.886487999999999982e-05
3.426760851694968801e-01 3.905401000000000320e-05
3.442687754903852593e-01 3.577595000000000091e-05
3.458640130207780161e-01 2.950540000000000045e-05
3.474566980881075295e-01 2.143656999999999862e-05
3.490493805125772231e-01 1.349864999999999992e-05
3.506446100974594526e-01 7.095409999999999715e-06
3.506446100974594526e-01 7.095409999999999715e-06
3.522372871955867790e-01 2.582903999999999979e-06
3.522372871955867790e-01 2.582903999999999979e-06
3.538302803403423069e-01 1.300792000000000098e-06
3.554255018698523894e-01 3.456400000000000060e-06
3.570181708890895478e-01 8.597367999999999167e-06
3.570181708890895478e-01 8.597367999999999167e-06
3.586108371927393956e-01 1.598632999999999844e-05
3.586108371927393956e-01 1.598632999999999844e-05
3.602060505580908512e-01 2.254480000000000139e-05
3.602060505580908512e-01 2.254480000000000139e-05
3.617987113898274987e-01 2.689924000000000099e-05
3.633913694696146446e-01 2.998548000000000145e-05
3.649865745614875867e-01 2.973886999999999874e-05
3.665795458180403088e-01 2.629974999999999837e-05
3.681744266105732022e-01 2.044212000000000004e-05
3.697673922727740536e-01 1.360669999999999968e-05
3.713600364015119393e-01 7.701189999999999360e-06
3.729552274592429217e-01 3.994719999999999761e-06
3.729552274592429217e-01 3.994719999999999761e-06
3.745478659219638740e-01 2.945440000000000043e-06
3.761405015357615067e-01 4.829937999999999902e-06
3.777356840284713524e-01 9.743451000000000100e-06
3.777356840284713524e-01 9.743451000000000100e-06
3.793286326203875736e-01 1.574420000000000081e-05
3.793286326203875736e-01 1.574420000000000081e-05
3.809212596095234993e-01 2.108708999999999939e-05
3.825164334273123967e-01 2.350991000000000070e-05
3.825164334273123967e-01 2.350991000000000070e-05
3.841090546048639975e-01 2.313228000000000072e-05
3.857042225774590105e-01 2.142488000000000077e-05
3.872968378948929424e-01 1.762809000000000083e-05
3.888894502664310693e-01 1.301392000000000058e-05
3.904846093824659858e-01 8.295586000000000707e-06
3.920772158211060510e-01 4.737247999999999778e-06
3.920772158211060510e-01 4.737247999999999778e-06
3.936701379891086039e-01 2.753216000000000187e-06
3.952652881386660155e-01 2.594331000000000098e-06
3.968578855887684997e-01 4.017957000000000196e-06
3.984504800202508523e-01 6.460526999999999919e-06
4.000456210946098379e-01 9.523362999999999777e-06
4.000456210946098379e-01 9.523362999999999777e-06
4.016382094476297349e-01 1.192369000000000001e-05
4.032307947456690855e-01 1.316716999999999950e-05
4.048259266355147545e-01 1.292606000000000038e-05
4.064188244890571400e-01 1.142537999999999936e-05
4.080136314867638392e-01 9.272831000000000191e-06
4.096065231392893025e-01 6.629329000000000374e-06
4.111990929701009878e-01 4.200563999999999920e-06
4.127942093072019536e-01 2.241044000000000172e-06
4.127942093072019536e-01 2.241044000000000172e-06
4.143867728654564431e-01 1.146465000000000042e-06
4.159793332717610093e-01 8.597918999999999554e-07
4.159793332717610093e-01 8.597918999999999554e-07
4.175744401328193578e-01 1.220987000000000106e-06
4.191673128955036298e-01 2.075689000000000211e-06
4.207598637675240560e-01 3.108403000000000044e-06
4.207598637675240560e-01 3.108403000000000044e-06
4.223549610425846312e-01 4.146244999999999975e-06
4.239475054964876866e-01 5.024491999999999700e-06
4.239475054964876866e-01 5.024491999999999700e-06
4.255425963188512739e-01 5.537393999999999960e-06
4.271351343061056682e-01 5.608990000000000147e-06
4.287276690444421501e-01 5.247369000000000141e-06
4.303227500992382604e-01 4.535232000000000254e-06
4.319152782981493521e-01 3.588203999999999908e-06
4.335081219076543091e-01 2.629136999999999914e-06
4.351031930849102447e-01 1.801289999999999952e-06
4.366957113856790307e-01 1.318011000000000009e-06
4.366957113856790307e-01 1.318011000000000009e-06
4.382882263648091303e-01 1.252662000000000103e-06
4.398832875558700839e-01 1.582094999999999927e-06
4.414757958500176716e-01 2.291688999999999922e-06
4.430683007861679901e-01 3.191903000000000176e-06
4.430683007861679901e-01 3.191903000000000176e-06
4.446633518817245667e-01 4.055057999999999623e-06
4.462561687506276797e-01 4.679651999999999796e-06
4.462561687506276797e-01 4.679651999999999796e-06
4.478508943627925731e-01 4.967857000000000199e-06
4.494437044240434664e-01 4.980491000000000390e-06
4.510361923768613779e-01 4.626067000000000207e-06
4.526312264011441711e-01 4.022243999999999737e-06
4.542237074748947112e-01 3.261674000000000173e-06
4.558161850936836013e-01 2.622520000000000007e-06
4.574112087309475383e-01 2.157757000000000202e-06
4.590039980828904409e-01 1.987937999999999838e-06
4.605964652578183882e-01 2.085054000000000163e-06
4.621914783980533015e-01 2.407015000000000196e-06
4.637839385483609744e-01 2.840080999999999820e-06
4.653789446284265496e-01 3.241604999999999942e-06
4.669713977055854337e-01 3.538475000000000032e-06
4.685638472308198410e-01 3.602220999999999947e-06
4.701588426323571879e-01 3.451021999999999838e-06
4.717512850116699075e-01 3.116509999999999999e-06
4.733440424813066816e-01 2.627984999999999878e-06
4.749390270942880354e-01 2.127306999999999926e-06
4.765314586659009088e-01 1.674741999999999923e-06
4.781238866128724729e-01 1.370546000000000049e-06
4.781238866128724729e-01 1.370546000000000049e-06
4.797188603287097508e-01 1.195068999999999992e-06
4.813112809842104434e-01 1.149437999999999946e-06
4.829036979787131867e-01 1.213180999999999989e-06
4.844986606881029889e-01 1.320249999999999980e-06
4.860913889911236407e-01 1.450070999999999935e-06
4.876860256274185290e-01 1.524072000000000017e-06
4.892787465161837490e-01 1.533663000000000066e-06
4.908711450113302233e-01 1.479678000000000023e-06
4.924660891309986521e-01 1.353167999999999984e-06
4.940584801406001647e-01 1.174846999999999985e-06
4.956508673922447317e-01 9.843356999999999513e-07
4.972458002139676370e-01 7.976414000000000369e-07
4.988384985740568212e-01 6.470712000000000483e-07
5.004308744723131586e-01 5.479468999999999579e-07
5.020257958860258052e-01 4.983112999999999710e-07
5.036181641531926045e-01 5.025112999999999689e-07
5.052130778992970361e-01 5.473037000000000120e-07
5.068054384868485585e-01 6.250403000000000201e-07
5.083977952194860261e-01 7.179518000000000113e-07
5.099926973761521598e-01 8.096131999999999694e-07
5.115850463564056705e-01 8.768815999999999817e-07
5.131777101052137358e-01 9.104987999999999950e-07
5.147726005623595169e-01 9.047801999999999639e-07
5.163649378254069333e-01 8.594980000000000377e-07
5.179572711608279034e-01 7.963550000000000394e-07
5.195521498099322510e-01 7.191765000000000210e-07
5.211444752474285735e-01 6.531070999999999654e-07
5.227367967209436417e-01 6.020040999999999610e-07
5.243316634527100950e-01 5.818111999999999523e-07
5.259242956090264265e-01 5.973588999999999771e-07
5.275188356795463829e-01 6.434802999999999655e-07
5.291114598150397086e-01 7.117177999999999834e-07
5.307037612732626863e-01 7.790905999999999764e-07
5.322986078969484947e-01 8.415477999999999754e-07
5.338909012631846140e-01 8.677914999999999525e-07
5.354831905684863669e-01 8.657937999999999928e-07
5.370780249833536635e-01 8.279232999999999714e-07
5.386706247709098783e-01 7.765285000000000438e-07
5.402629018133502381e-01 7.017395999999999610e-07
5.418577239092803310e-01 6.263288000000000120e-07
5.434499927141981379e-01 5.567813999999999831e-07
5.450448065351176652e-01 5.131775000000000304e-07
5.466370670539902887e-01 4.896173999999999516e-07
5.482293234149775429e-01 4.866930999999999947e-07
5.498241247356039363e-01 5.023772000000000365e-07
5.514163727377818791e-01 5.200738999999999835e-07
5.530089351852465196e-01 5.350145999999999818e-07
5.546037238954439896e-01 5.409525999999999917e-07
5.561959592709655453e-01 5.275282999999999870e-07
5.577881904158937809e-01 4.955403999999999710e-07
5.593829664072088592e-01 4.476001000000000033e-07
5.609751890477963077e-01 3.974852999999999918e-07
5.625674074214384035e-01 3.440373000000000018e-07
5.641621705845815127e-01 2.919267999999999800e-07
5.657546990138293541e-01 2.546739999999999947e-07
5.673491349291294172e-01 2.298508999999999926e-07
5.689416547310246486e-01 2.156555999999999872e-07
5.705338515735339788e-01 2.147269999999999878e-07
5.721285931103330391e-01 2.240108999999999879e-07
5.737207812544519170e-01 2.331265999999999985e-07
5.753129650346786583e-01 2.415925999999999898e-07
5.769076934518443389e-01 2.428833000000000213e-07
5.785001870866575135e-01 2.368728999999999876e-07
5.800923576946078741e-01 2.227819999999999894e-07
5.816870728819679703e-01 2.028638999999999905e-07
5.832792346460020649e-01 1.792100000000000013e-07
5.848739409509886578e-01 1.522933000000000022e-07
5.864660938225870757e-01 1.350459000000000115e-07
5.880582422333486825e-01 1.191637999999999967e-07
5.896529351272465913e-01 1.108404000000000004e-07
5.912450745728131674e-01 1.083826000000000033e-07
5.928375281389024476e-01 1.144186000000000052e-07
5.944322075115227033e-01 1.254595999999999914e-07
5.960243334210427735e-01 1.378359999999999910e-07
5.976164547970227447e-01 1.472263999999999928e-07
5.992111205399803797e-01 1.506063999999999873e-07
6.008032328052442805e-01 1.480186999999999939e-07
6.023953405006187145e-01 1.377337999999999968e-07
6.039899925046313678e-01 1.234958999999999908e-07
6.055824096269403212e-01 1.066936999999999994e-07
6.071767337980709112e-01 9.124603999999999482e-08
6.087691416865387284e-01 7.699324000000000367e-08
6.103612263350423062e-01 6.851226999999999837e-08
6.119558551945505354e-01 6.037846000000000079e-08
6.135479305383014781e-01 5.935827000000000124e-08
6.151400012152231644e-01 6.234216000000000136e-08
6.167346160443454295e-01 6.779026000000000368e-08
6.183269959467105892e-01 7.070172999999999342e-08
6.199190525420038567e-01 7.370266000000000572e-08
6.215136532305151063e-01 7.096156999999999900e-08
6.231057003755403612e-01 6.524511000000000156e-08
6.247002915743575802e-01 5.300925999999999857e-08
6.262923292205988535e-01 4.262634999999999973e-08
6.278843621030729683e-01 3.085054000000000170e-08
6.294789389800701240e-01 1.803110999999999979e-08
6.310709622910065653e-01 8.685434000000000719e-09
6.326632993962059137e-01 2.136215999999999854e-09
6.342578618411410796e-01 0.000000000000000000e+00
6.358498707067048450e-01 2.200111000000000076e-09
6.374418747358038262e-01 3.135105000000000001e-09
